5
15
18
1
2
10
4
11
3
17
1
18
20
20
7
12
13
8
6
2
9
7
12
19
5
2
15
9
15
10
12
5
13
9
18
16
13
3
12
9
6
2
17
3
9
11
5
20
15
5
13
20
18
2
2
9
3
1
15
3
20
9
3
1
14
9
10
16
5
13
9
1
6
11
16
14
10
20
2
20
7
6
12
3
14
19
6
12
15
2
8
2
18
11
5
18
15
1
14
18
2
8
8
16
15
18
1
14
16
12
3
4
9
2
1
14
1
7
6
16
11
18
12
2
10
1
8
10
2
4
15
20
12
1
2
10
14
15
12
11
16
12
20
11
7
12
6
17
18
12
12
1
13
19
13
5
7
5
10
5
1
11
17
7
17
14
7
4
13
14
6
2
17
12
19
6
3
1
7
14
5
13
8
16
16
10
3
13
12
18
4
19
16
17
4
17
7
3
13
8
19
14
4
3
18
8
17
3
14
1
13
3
13
19
10
2
8
1
3
10
17
17
14
4
7
18
17
9
14
18
10
11
1
1
4
19
7
1
1
2
3
18
10
15
14
12
18
5
9
11
10
7
9
12
8
19
7
17
17
1
1
3
1
11
13
2
4
10
3
16
16
17
9
4
13
17
19
18
8
2
8
1
2
13
20
7
2
16
10
18
4
17
14
3
6
4
6
5
12
2
8
8
16
16
6
17
14
20
20
8
15
1
14
19
5
13
6
16
2
20
2
8
19
12
11
1
7
13
17
3
11
2
14
3
13
16
1
10
8
12
7
7
8
13
1
14
9
10
6
9
4
13
1
18
13
5
16
15
2
7
9
7
9
4
3
4
13
3
15
3
16
5
12
17
5
15
14
1
10
7
15
10
4
19
13
3
12
18
2
1
20
16
15
17
10
12
2
8
2
15
8
18
19
1
9
19
16
4
11
3
15
2
19
7
1
9
4
6
9
4
2
13
4
4
7
5
13
1
9
5
17
19
18
10
1
16
2
17
11
4
10
11
5
18
4
12
6
12
10
15
1
19
17
13
17
18
8
11
7
5
8
2
19
4
11
15
12
8
1
15
5
20
17
3
11
11
2
6
7
9
9
4
11
8
14
19
3
16
19
12
15
9
12
13
18
2
7
17
18
8
6
17
16
6
9
7
8
15
19
9
5
18
16
6
9
20
3
19
3
14
17
15
8
4
7
11
11
18
6
18
3
18
2
15
13
4
8
12
18
1
13
17
13
16
5
13
9
8
10
8
20
17
1
15
7
18
8
12
5
11
9
4
3
9
12
19
19
6
11
13
7
5
3
3
7
8
5
12
18
5
17
8
12
8
11
12
7
14
8
9
17
2
19
9
11
9
6
2
13
1
19
2
5
14
18
1
15
15
4
7
8
16
3
1
8
16
8
3
8
12
2
2
16
10
15
7
19
8
17
7
2
4
17
16
13
15
6
1
14
10
3
13
8
9
18
18
10
7
6
4
17
18
12
9
8
9
4
9
3
11
7
12
7
17
12
9
7
17
9
7
7
17
8
20
14
3
16
9
15
20
15
12
3
15
7
9
1
20
10
19
15
12
10
17
14
2
10
8
4
11
10
7
2
4
11
9
12
14
5
7
20
3
2
20
19
1
14
1
4
10
13
4
18
13
17
5
9
4
6
12
18
9
1
4
15
8
20
5
6
18
19
8
16
8
14
4
19
13
8
18
6
9
18
18
20
1
19
18
5
20
18
19
16
6
15
7
18
12
4
5
13
17
17
7
5
10
5
18
4
8
9
1
8
2
20
12
20
13
2
20
1
18
16
16
18
5
6
2
12
16
17
12
18
4
13
4
12
6
19
12
8
1
16
15
3
1
4
10
5
2
4
16
7
16
5
17
6
12
6
20
14
15
5
20
1
17
18
7
5
2
10
2
8
2
11
4
4
17
18
8
18
17
8
4
11
5
8
5
19
15
18
3
3
11
2
14
19
4
6
5
13
20
19
9
10
18
10
20
2
5
2
17
20
12
12
19
9
1
20
6
16
15
8
6
3
19
20
11
4
20
19
3
3
1
20
8
16
20
7
19
7
8
4
9
13
8
6
14
17
4
12
20
18
6
12
11
18
17
3
2
19
6
2
8
5
1
8
15
15
15
11
7
7
2
19
7
4
11
8
19
15
20
7
1
19
6
3
15
8
14
7
3
18
5
14
14
10
12
20
6
14
15
13
9
19
15
18
13
19
12
4
10
14
6
20
10
18
5
18
6
14
4
7
6
3
6
16
6
7
13
