5
2
11
3
17
7
13
2
7
19
5
2
5
13
13
3
2
17
3
11
5
5
13
2
2
3
3
3
5
13
11
2
7
3
19
2
2
11
5
2
3
2
7
11
2
2
2
11
11
7
17
13
19
13
5
7
5
5
11
17
7
17
7
13
2
17
19
3
7
5
13
3
13
19
17
17
7
3
13
19
3
17
3
13
3
13
19
2
3
17
17
7
17
11
19
7
2
3
5
11
7
19
7
17
17
3
11
13
2
3
17
13
17
19
2
2
13
7
2
17
3
5
2
17
19
5
13
2
2
19
11
7
13
17
3
11
2
3
13
7
7
13
13
13
5
2
7
7
3
13
3
3
5
17
5
7
19
13
3
2
17
2
2
19
19
11
3
2
19
7
2
13
7
5
13
5
17
19
2
17
11
11
5
19
17
13
17
11
7
5
2
19
11
5
17
3
11
11
2
7
11
19
3
19
13
2
7
17
17
7
19
5
3
19
3
17
7
11
11
3
2
13
13
17
13
5
13
17
7
5
11
3
19
19
11
13
7
5
3
3
7
5
5
17
11
7
17
2
19
11
2
13
19
2
5
7
3
3
2
2
7
19
17
7
2
17
13
3
13
7
17
3
11
7
7
17
7
17
7
7
17
3
3
7
19
17
2
11
7
2
11
5
7
3
2
19
13
13
17
5
5
19
19
13
19
5
19
7
5
13
17
17
7
5
5
2
13
2
5
2
17
13
19
3
5
2
7
5
17
5
17
7
5
2
2
2
11
17
17
11
5
5
19
3
3
11
2
19
5
13
19
2
5
2
17
19
3
19
11
19
3
3
7
19
7
13
17
11
17
3
2
19
2
5
11
7
7
2
19
7
11
19
7
19
3
7
3
5
13
19
13
19
5
7
3
7
13
